version https://git-lfs.github.com/spec/v1
oid sha256:7ce075e029879b9eb30655341c03cb43248cc6b8a4ba748e8857be8aefba6504
size 1083740
