version https://git-lfs.github.com/spec/v1
oid sha256:7f1a4e027c1d61b4a930cb6771f4312bd7186fa50cd55b315c5e21ea4f1fbc73
size 5602535
