version https://git-lfs.github.com/spec/v1
oid sha256:b43ff1ed7c62a7014ac337d71a473e2fb0e7b05c035389c62b9b8501d61fa722
size 9335755
