version https://git-lfs.github.com/spec/v1
oid sha256:67eb6f7df2d8aa663bf33ed3f81d600477590368080a518f581c4c5e0652dbde
size 1338176
